1209100651
1209184129
1213923904
1142895972
1143503812
1143619709
500101052
262957810
304735286
36339961
37481368
39076534
51228401
56272184
63904996
266185999
63547409
265835412
161969556
269400403
162633352
270079199
983963
1260673
1261598
8186854
8400021
8558178
6107260
8846289
9128056
9720244
9742946
9893016
260384109
1156612380
1156612748
1156613048
1156613958
1156614208
1156614294
1156615892
1156615887
1156616037
1156616364
1156616404
1156616448
1156617448
1156617663
1156618104
1156618113
1156618890
1156620065
1156621730
1156622207
1156622556
1156623186
1156624106
1156625882
1156625967
1156626080
1156626084
492487575
317609794
260327643
260352349
260656287
260675040
260625406
260638979
260834725
260833025
260845640
260845696
260850954
260909686
260942974
239185803
239099612
239124189
239095978
239111840
260986884
260997044
261006251
260997307
261025270
203752860
203750399
203756845
741074611
741056145
340760250
741378102
741404062
741423003
741442055
340659931
741786039
341118746
742022245
79060338
79072812
79073099
79061608
79062016
79094223
79097302
79076877
79131015
64076613
64250196
171410849
64286404
64110879
654772223
657921007
663077347
324122522
324635009
324702809
324665068
324713984
35976830
64050922
35970767
64051281
35990139
64051605
35982994
64051778
21590604
64050792
598726643
598726644
598725939
598738439
600099926
599967262
599364666
599921474
599874084
599874774
600383878
1076388422
1076464633
1076485185
1076565007
1076569525
1076571502
203816856
204750353
204750399
204777418
204761007
204772917
204773171
204783458
204755766
204755874
204756285
204788675
204751560
204811423
204769383
204758512
22490848
319026087
187778386
205425936
183450294
183469554
183461506
183477014
183477132
183515026
183500363
183646523
183635631
183625981
183626142
183626560
183663684
183648067
183683674
183723906
183744363
183748391
183794146
183772722
183874663
183872885
183891210
183880943
183897720
183810504
183812350
183827498
183849224
183521809
183530497
183546443
183546770
183563423
183570315
183622031
183348591
183411339
183422353
183413448
204979981
205022039
205818822
167036026
167055739
167038121
167241794
167288891
167339685
167052167
167052308
167049301
167072609
167066343
167037133
167093175
167067238
167033086
167051488
272478997
272548543
243714840
90611604
90734148
90757576
90600013
90922703
90933626
90936147
189042549
90507744
90518959
90417165
90436259
90435125
90478621
90426643
91016056
91154444
91034465
91062184
189049217
91235481
91253431
91297245
91303675
91575130
91450392
91428007
91647256
91670460
91742099
91802248
91861542
91884178
91990618
91996227
91978723
92255999
92258729
92266864
92193788
92195576
92510216
92351878
92840500
93079700
93248943
93642339
93786787
93930033
94179166
94329040
94317791
94478601
94611265
94643051
94750994
35495681
35430617
89243084
35461154
35126109
34977313
35787049
35289122
35384192
35211510
35268966
35227973
32451268
32540477
32381682
32408829
6788578
6841586
32181440
32193374
32170623
31043239
31015247
31384815
31303743
31378591
6945011
31839684
31658911
29062381
1294736642
1294825791
1061085416
35687396
29168733
29149772
30725085
30629727
242633472
588275250
588175383
588347238
588321865
595477430
164531680
165300332
165658226
165998752
166407242
1213923904
665746494
665824838
25634606
25508481
117647556
119626037
1160070580
501132757
501169851
502179695
1061455663
1061964033
1065029485
1065235201
1065236603
646315743
1164892855
1164976204
1165251227
1163895878
1164130929
1163739963
1163677146
1164474998
1164523147
1164555897
653407082
653816727
647378301
647415434
647292114
647406264
647805321
647692921
647843434
648031782
647731579
647716597
648317356
648378877
648383233
648190763
648799460
648416066
649102646
649212844
648933549
648893687
649437586
649460159
649725710
649705073
649704376
634137823
650041411
650230634
634885663
634822134
650956085
651443967
651643903
651334422
651312223
652102459
652524419
637236612
567125109
567507673
568386879
568430296
140035709
140028519
140047612
140043631
1051066613
1051836160
86571249
86594907
86576213
86688962
86703445
86837430
86830167
87933672
87942433
87929857
88001008
88107547
163657052
60038893
88482123
318688733
261116091
125556723
261159443
261192344
261180982
261206997
261219457
1107070464
1247517298
1263202709
1264114446
1266294889
1266603868
1271781492
1253008031
125858853
125884156
210392631
205890307
117518514
117521985
117535362
117557462
117588863
162900564
125276789
125272061
1162150302
1162190238
1162196831
1162238927
501354171
542224199
542244177
569440897
542233720
542245625
542276871
543525141
571108320
571135290
543600688
543816438
571838931
544117615
545206844
573365974
573413402
545170172
545200371
545303585
545377944
573692400
545628359
574086776
545702104
574939897
546421114
546724530
575574819
546841414
546874022
546857842
64382456
1291666549
1291854814
1291896011
1291946266
1291993110
1290619277
1290623497
1292279145
1290677774
1292823205
1290481092
1290489506
1290920644
1290495975
1290974490
1290503891
1291109019
1291139602
1291293020
1291315420
1291372258
1294903114
1295053552
1295126565
1295242550
1293254336
1293281345
1293340802
1293579226
1293796711
1293640978
1293802970
1293643397
1293925151
1293952620
1293998726
1294001925
1294356176
1294418556
1293632758
1294552549
1294581535
1294648883
1294659701
1294661524
1294465457
1294479190
1294483942
1294490977
1294447180
1294510097
1294531923
523799
422294
183276
81926
83470
194205
513662
164512079
119511334
125897500
134195630
224432344
142111497
198253929
133208572
133120979
134376316
134353527
134624636
135251564
1167300472
1040110415
1147272223
27356515
23223291
23149696
23190730
501438907
501563972
24912818
24919661
499638493
499644035
499750063
499731221
209478606
209481458
209492117
209093814
21683298
21686950
21688452
23304695
24445540
24418226
24473550
503244193
503398769
263205632
135386220
135385716
135417105
142515784
136045316
136180890
136340098
136573282
136674466
136871870
136870985
136960215
137042718
137041797
170841366
170877982
137100642
137093382
137223904
183930354
141387923
141597782
252769741
252781953
252786780
252828575
252850546
253229152
213694422
218149573
217982528
217985162
218027235
218056640
218084650
217911530
219096401
219181090
219208256
335105413
334983628
335030639
335010336
335045456
335335449
335183721
335599405
335424300
335694848
335715393
335738658
335836980
335953242
335915026
335473461
335486650
336202106
336248034
336040707
336229709
336286287
336372482
336090154
336129675
336653126
336641034
336673910
336711334
336840387
336572133
336481332
336559920
336602976
336555767
336549865
334076811
334014985
334144685
334275129
639657566
673562345
673815042
664467859
664468813
664483484
664653383
663489520
663343205
663347052
663348474
663349340
663574323
663592412
663328662
663626854
663630496
663636761
663363852
663372654
663834560
663930574
664084004
663410120
663411465
664229904
664236474
1156958921
1158136995
1158281906
1156961175
1157105964
1157143838
1157188050
1156971414
1157196489
1157001915
1157713038
1157784842
1157897046
1159565878
1158463745
1158517477
1158553337
1158733786
1158813668
1158344374
1158884212
1158922116
576159532
1161293777
1161541889
1161233258
143362845
143372012
143827108
145041632
145098507
1160344896
1160570195
1160635907
1160205209
1160765347
1160864083
117250299
117399439
117007905
117134010
117126933
117124911
31278578
233834955
261389534
1153896237
258052790
25237331
25258568
1215503792
1215657799
1215504486
1215793086
1215849195
1215878856
1215552283
1215590173
348277226
348131667
348185057
250055855
1213189726
78956837
78940128
126248497
238990370
239033761
317721945
227940474
228420288
228205771
228208511
264331675
263326925
263362749
1117231964
1126082408
1139967456
1179483259
1191120047
1192807486
1198611653
1199828655
1201790929
1213268773
1213260099
1213279300
1213303909
1213265616
1213266124
1213266319
44736614
224692687
564586141
564642924
564636242
44826203
224688602
564662508
80270423
80284757
564728306
564786552
564776758
198741365
80411021
80574249
249431331
249431692
249475739
166965845
249498863
249516236
185919133
249552511
249529596
185964082
249596830
249599814
565432014
565442025
249637993
186036460
249628585
166988686
249626982
186031384
166989782
249633078
565478417
186073491
186062586
198626384
187673037
249686506
186206080
198689396
198673074
249773099
249793978
198703405
186275340
187736788
132295164
132278144
132348395
132274606
132415508
118213762
118215883
118217278
118353794
1210898362
1210769347
1210797859
1210803120
1210819472
1210833344
1210839365
118868712
118899188
118907195
118490779
118482930
118806912
118807378
118801809
118832493
118838678
118997638
118755795
119142808
119191845
119226979
119461404
263255415
698265807
703744921
706414351
707368542
682827030
685672533
687438995
687238257
688934579
689348670
689328674
716680642
717981698
721499595
721646317
723488689
727911495
729015505
729227049
729256362
729288387
729625475
729839678
731849098
731864470
731913135
733801474
733835017
735354411
735931360
261718276
261764504
261891765
261820230
261921627
261912639
340380917
1288436592
1288479074
1288505803
1288527950
1288533467
1288206512
1156706726
1156800820
1210739570
1156909096
1156926121
18026111
17805654
20253349
20376092
22945623
25980209
24639399
14418300
14484004
14653607
15684392
15598019
21928353
16167398
16395275
16180748
16169963
16258299
2404521
21941586
14986556
14892112
14899252
2461879
2462576
16670815
16736156
18538994
18541283
18405015
18762339
18447318
18407830
2593139
1521477
1544446
3561776
3498502
3575820
2650774
12246297
12233682
12304451
12415159
12415163
2749571
12500809
2793586
12562105
12577940
3159207
12633329
90210077
90253142
90325168
81061812
81180899
95445063
95163983
94925424
95580524
84649996
84672116
84773375
84779654
95804386
95985098
95734290
97969754
98088290
97931706
96267278
96090923
98237047
86088379
86291128
86094691
98728505
98433033
116245639
99767044
101419097
83374938
102289729
102430396
102963108
103306034
84138202
84267351
305088042
305123450
306399204
306440317
503166402
503042352
503031378
744700730
745379557
746122225
746133225
746152824
748602485
748185405
750261004
750225590
751049529
751861617
752408916
752415581
751832592
341938095
342042563
342138867
342156397
343192603
343424057
343930195
343891040
343772300
490853524
346232601
262203278
262192893
262253943
262287034
262394915
262442181
240670876
206727225
206780052
262526446
262523707
173068802
173125383
193234158
189622760
199862892
200535011
200756021
201341887
201436015
205701867
202618930
158110310
158347970
158791416
1022188045
1022471182
1023573144
1023502657
1024465205
1025315989
1026386498
1027635980
1028883578
1030208445
1030269900
1030488499
1030517817
1030587622
1031161381
1031222083
1034026873
1035200241
1035334002
1036443527
1037372235
1037506693
1037417976
1037654009
1037555020
1038089090
1038270320
1038285157
1038311237
1038157999
1038549498
1038498426
1039961051
1039961708
1040011585
1040001081
1040030449
147052998
147373547
147757701
148316566
149533788
149520087
149863869
151577909
171469155
171487830
171507961
171465004
171474134
177123391
177049952
177045388
177058954
177048051
177117416
177279002
177259278
177462740
177445246
177468363
177575871
177613535
177649254
177770244
177791800
177749166
177805836
177801586
177854816
177919776
177866351
177895117
177903304
177910343
177937142
177961284
178051566
177961607
177942070
177935530
177957937
178155065
178247662
180513489
180526282
180631682
180843995
180674372
180640798
180672430
180873730
181174668
181207227
181297102
181426592
179988746
182220187
182299605
174873875
174814830
254386003
28689159
28692923
10210715
10211458
27871578
27899116
27881794
27927156
27929522
22703521
22719945
29003739
28990502
20824274
28887712
28869249
28779555
28920312
28922633
22397124
22393301
1289649600
1096050208
1096127379
1096135602
1097264663
1097266745
1215270818
1089584758
134133770
134120841
133836883
134015647
495363278
495462345
495418187
495457677
495514752
495539808
495527549
495549361
495607761
495556777
495582026
495796699
495820274
496028694
496014515
496074599
496121908
496165541
496316974
496519606
496617220
496908433
496906281
496952267
497074297
497128147
497427208
497473658
497435739
497640330
497612625
497667331
497671659
497659381
497767868
497790050
497838922
497988545
498068646
697244980
715204628
714284750
716333802
716327152
713943980
711607595
714327472
212236738
212081778
1100322890
1106757430
1104264021
1101601425
1102155721
1103159499
690637554
690823525
1085522603
1085534189
1085517678
1085603863
743590655
1085758805
1085777529
1085751553
1085754936
743770414
691205962
691248308
691127060
691160404
1085876332
744111903
1086132596
691520172
692209156
692724141
693125728
693117015
693726332
523899573
524072789
694232932
694747726
694753758
694661874
694662757
695306212
695190693
695383978
695201249
695256210
695592834
696055433
695934635
695940313
695947840
332921609
332956221
333027978
333077347
498720332
500703841
500535601
500622391
500556294
549684245
549756631
549819591
548165572
548109752
548137524
548114646
548132104
550752859
551295572
551298074
549903756
549921355
550054976
550057366
550119279
592237852
592396416
592446812
592228163
592743509
592858469
592956006
593000485
592263948
551653275
551622303
1220259558
1226590929
1166066639
1167491515
1168281105
1169284515
1169163202
1169173589
1170086423
1171008844
237376794
240326169
1107072280
1107107840
1107121034
1107077019
1107077867
1107071320
1143836792
1143747262
1143760533
1143770311
1143773984
341676159
341519795
341529786
341555625
341569834
341583859
493218056
1231863475
1231906502
1231936470
1233657952
1231775591
1232038793
1231800998
1231810127
1231759395
1240991102
1240802103
43182381
43182791
43154595
43270110
43282048
43287029
43293377
43169693
43170029
43314341
43159738
43336953
43339884
43166214
43166890
43357304
43180798
43355777
43157230
43366154
43367271
43371935
43377655
43381775
43385305
43382896
43386186
43179554
43179635
43409203
43158908
43168702
43427396
43151217
43162566
43449939
43495899
43174707
43186447
43539373
43560314
43190738
43563035
43563942
43574512
43192660
43610814
43617684
43195967
43642584
43644880
43153111
43153237
43666313
43213732
43209271
43154070
43210949
43204019
43219434
43165607
43150552
43235002
43236376
43249770
43249811
43243090
230241736
230243431
137642990
137881121
138356243
138763920
138808868
139140639
139507827
139571826
139681304
187604779
630038356
629954640
629308666
629165588
630516660
630577551
630330553
630322055
629647770
629681778
629790195
630935133
630945795
630978360
630833986
628774116
628951812
629064973
628330727
628527048
631231087
628039336
258615187
773158374
773175369
782315338
789520464
799505338
808093335
807971028
809186178
817779961
816806957
825207664
826323053
870762378
870826747
940327933
950897221
954933679
958027899
959004383
960239833
968907887
966866926
968429387
967182492
977102489
976905864
976418397
980435933
986035971
990049973
996221672
995059222
995404317
1004163133
1289188414
1289199876
1289069654
1289080080
1289405732
1289095171
1289494936
1289538678
1289543670
1159777097
1207360949
1207381731
1207514571
1207272699
1213530771
1288941697
1211197670
1211317502
115347574
115388279
115499028
115703184
114422072
114610079
114732280
114966486
115024667
33899442
203401809
203208247
203508826
203520039
203554805
203526864
203655261
203730536
203328718
203366240
